{"CalibrationInformation":
    {"Cameras":
        [
            {"Intrinsics":{"ModelParameterCount":14,"ModelParameters":
                [0.50057387351989746,0.50801026821136475,0.49302750825881958,
                 0.49317404627799988,2.31860613822937,1.3959437608718872,
                 0.070345945656299591,2.6560931205749512,2.1336357593536377,
                 0.37754881381988525,0,0,-6.2750790675636381E-5,-6.8999062932562083E-5],
            
                "ModelType":"CALIBRATION_LensDistortionModelBrownConrady"},
                "Location":"CALIBRATION_CameraLocationD0",
                "Purpose":"CALIBRATION_CameraPurposeDepth",
                "MetricRadius":1.7399997711181641,
                "Rt":{"Rotation":[1,0,0,0,1,0,0,0,1], "Translation":[0,0,0]},
                "SensorHeight":1024,
                "SensorWidth":1024,
                "Shutter":
                "CALIBRATION_ShutterTypeUndefined",
                "ThermalAdjustmentParams":{"Params":[0,0,0,0,0,0,0,0,0,0,0,0]}
            },
        
            {"Intrinsics":{"ModelParameterCount":14,"ModelParameters":
                [0.50077033042907715,0.50537955760955811,0.47449326515197754,
                 0.63248747587203979,0.27764144539833069,-2.4767875671386719,
                 1.5355490446090698,0.15892954170703888,-2.2932455539703369,
                 1.4548124074935913,0,0,-7.528195419581607E-5,0.00012816225353162736],
                 
                "ModelType":"CALIBRATION_LensDistortionModelBrownConrady"},
                "Location":"CALIBRATION_CameraLocationPV0",
                "Purpose":"CALIBRATION_CameraPurposePhotoVideo",
                "MetricRadius":0,
                "Rt":{"Rotation":[0.99998950958251953,0.004511446226388216,-0.0008156061521731317,
                                 -0.0044100326485931873,0.99519461393356323,0.09781724214553833,
                                  0.0012529840460047126,-0.09781261533498764,0.99520403146743774],
                   "Translation":[-0.032028596848249435,-0.0020339391194283962,0.0038644461892545223]},
                "SensorHeight":3072,
                "SensorWidth":4096,
                "Shutter":"CALIBRATION_ShutterTypeUndefined",
                "ThermalAdjustmentParams":{"Params":[0,0,0,0,0,0,0,0,0,0,0,0]}
            }
        ],
                
    "InertialSensors":[
        {
        "BiasTemperatureModel":[-0.0024223192594945431,0,0,0,0.028198234736919403,
                                 0,0,0,-0.00551616819575429,0,0,0],
        "BiasUncertainty":[9.9999997473787516E-5,9.9999997473787516E-5,9.9999997473787516E-5],
        "Id":"CALIBRATION_InertialSensorId_LSM6DSM",
        "MixingMatrixTemperatureModel":[0.999558687210083,0,0,0,0.00082947587361559272,
                                        0,0,0,0.0068261073902249336,0,0,0,0.00081267929635941982,
                                        0,0,0,1.0201715230941772,0,0,0,0.0014869373990222812,0,0,0,
                                        0.006893424317240715,0,0,0,0.0015326364664360881,0,0,0,
                                        0.98979920148849487,0,0,0],
        "ModelTypeMask":16,
        "Noise":[0.00095000001601874828,0.00095000001601874828,0.00095000001601874828,0,0,0],
        "Rt":{"Rotation":[0.0093425624072551727,0.1117575541138649,-0.99369156360626221,
                         -0.99995088577270508,-0.0022455006837844849,-0.0096539556980133057,
                         -0.0033102375455200672,0.9937329888343811,0.11173108220100403],
                         "Translation":[0,0,0]},
        "SecondOrderScaling":[0,0,0,0,0,0,0,0,0],
        "SensorType":"CALIBRATION_InertialSensorType_Gyro",
        "TemperatureBounds":[5,60],"TemperatureC":0
        },
        
        {"BiasTemperatureModel":[-0.037328030914068222,0,0,0,0.20271572470664978,
                                  0,0,0,-0.13558748364448547,0,0,0],
         "BiasUncertainty":[0.0099999997764825821,0.0099999997764825821,0.0099999997764825821],
         "Id":"CALIBRATION_InertialSensorId_LSM6DSM",
         "MixingMatrixTemperatureModel":[0.993478000164032,0,0,0,-0.000368077598977834,0,0,0,
                                        -0.0022456150036305189,0,0,0,-0.0003671064623631537,0,
                                        0,0,0.9961010217666626,0,0,0,-3.455335900071077E-5,0,0,0,
                                        -0.0022395998239517212,0,0,0,-3.4551965654827654E-5,0,0,0,
                                        0.99614608287811279,0,0,0],
         "ModelTypeMask":56,
         "Noise":[0.010700000450015068,0.010700000450015068,0.010700000450015068,0,0,0],
         "Rt":{"Rotation":[-0.0039361738599836826,0.10671316832304001,-0.994282066822052,
                           -0.99997597932815552,-0.0060889879241585732,0.0033052032813429832,
                           -0.0057014627382159233,0.99427121877670288,0.10673457384109497],
                           "Translation":[-0.050755534321069717,0.0038726606871932745,0.0015194700099527836]},
         "SecondOrderScaling":[0,0,0,0,0,0,0,0,0],
         "SensorType":"CALIBRATION_InertialSensorType_Accelerometer",
         "TemperatureBounds":[5,60],
         "TemperatureC":0
         }
        ],
    
    "Metadata":
        {
         "SerialId":"000048214812",
         "FactoryCalDate":"11/22/2021 3:38:56 AM GMT",
         "Version":{"Major":1,"Minor":2},
         "DeviceName":"AzureKinect-PV",
         "Notes":"PV0_max_radius_invalid"
        }
    }
}